0.3333 0.0833 0.2500 0.4167 0.4167 0.1667 -0.0833 0.0000 0.3333 0.5833 0.1667 0.5000 0.0000 0.0000 -0.0833 0.2500 0.0000 0.0000 0.5000 0.0833 0.1667 0.4167 0.2500 0.3333 0.5000 0.0000 0.3333 0.0833 0.3333 -0.0833 0.0000 -0.0833 -0.0833 0.0000 0.0000 0.0000 0.0000 0.0833 -0.1667 0.0000 0.0833 -0.0833 0.0833 0.0000 0.0000 0.0000 0.0000 0.0000
-0.1667 0.0000 0.0000 -0.1667 0.2500 -0.0833 0.1667 0.1667 0.0000 -0.1667 -0.0833 -0.0833 -0.0833 0.1667 0.0000 0.2500 -0.1667 -0.0833 -0.1667 0.2500 -0.1667 0.2500 0.2500 -0.2500 0.2500 0.1667 0.1667 0.1667 0.0833 -0.0833 0.0000 0.0833 -0.0833 -0.1667 -0.0833 0.2500 0.0000 -0.2500 0.0833 0.1667 -0.1667 0.1667 0.0000 0.1667 0.0833 -0.0833 0.0833 -0.3333
0.0000 -0.2500 0.0833 0.0000 0.2500 0.0000 0.0000 0.0000 -0.0833 0.0833 0.0000 0.1667 0.0833 0.0000 0.1667 0.1667 0.0000 0.0000 -0.0833 0.2500 0.0000 0.0000 0.2500 0.0000 0.0000 -0.0833 0.0000 0.0833 -0.0833 0.0833 0.0000 0.0000 -0.0833 -0.1667 -0.0833 0.0000 -0.0833 0.0833 0.0000 -0.0833 -0.0833 0.0000 0.0000 0.0000 -0.0833 0.0833 0.0000 0.0833
0.1667 0.3333 0.5000 0.4167 0.6667 0.1667 0.5000 0.3333 0.4167 0.6667 0.5000 0.5000 0.0000 0.2500 0.2500 0.3333 0.0000 0.5000 0.5833 0.7500 0.6667 0.7500 0.2500 0.1667 0.5833 0.5833 0.5833 0.2500 0.4167 0.5833 0.0000 0.0000 -0.1667 0.3333 0.7500 0.0833 0.0833 0.1667 0.1667 0.0833 0.2500 0.0000 -0.0833 0.0833 0.0000 0.0000 0.0833 0.0000
0.0000 0.0833 0.2500 0.4167 0.1667 0.4167 0.3333 0.0833 0.0833 0.0833 0.0833 0.0833 -0.3333 -0.0833 -0.0833 0.0833 -0.0833 -0.0833 0.0000 0.1667 0.4167 0.0833 0.0833 0.0000 0.0833 0.3333 0.0833 -0.0833 0.0000 -0.1667 0.0000 -0.0833 0.0000 0.0833 0.0000 -0.0833 -0.2500 0.0833 -0.0833 -0.0833 -0.3333 -0.0833 0.0833 0.0000 0.2500 0.0000 0.0833 0.0833
0.2500 0.1667 0.0833 0.2500 0.3333 0.3333 0.0000 0.1667 0.5000 0.5833 0.0833 -0.0833 -0.0833 -0.0833 0.0833 0.1667 0.0000 -0.0833 0.3333 0.0833 0.9167 0.4167 0.1667 0.6667 0.0000 0.0833 0.1667 0.0000 0.5833 0.1667 -0.0833 0.2500 -0.0833 0.0000 0.0000 -0.0833 -0.0833 0.0000 0.0833 0.0833 0.0833 -0.0833 0.0833 0.0000 0.0833 -0.0833 0.0000 0.0000
0.0000 0.0000 0.0769 0.0769 0.3846 0.0000 0.0769 0.0000 0.0769 0.3077 -0.2308 -0.1538 0.0769 0.0000 0.0000 0.0000 0.0000 0.0000 0.4615 0.3077 0.0000 0.1538 0.1538 -0.1538 0.0000 0.0000 0.0769 0.1538 0.0000 0.0000 -0.0769 0.0769 0.0000 0.0000 0.0769 0.0769 0.0000 -0.1538 -0.0769 -0.0769 -0.0769 0.0000 0.0000 0.0769 0.0000 0.0769 0.0000 0.0000
0.4167 0.1667 0.1667 0.3333 0.5000 0.1667 0.0000 0.1667 0.5000 0.6667 0.1667 0.0000 -0.2500 -0.0833 -0.0833 0.0833 -0.3333 -0.0833 0.5000 0.2500 0.1667 0.2500 0.4167 0.1667 0.2500 -0.0833 0.5000 0.2500 0.1667 -0.0833 -0.0833 0.0000 -0.0833 0.0833 0.0000 0.0000 -0.0833 -0.0833 -0.0833 0.0000 0.0000 -0.0833 0.0000 0.0000 0.0833 0.0833 -0.0833 -0.0833
0.4167 0.0000 0.1667 0.4167 0.4167 0.1667 0.1667 0.5833 0.7500 0.3333 0.5833 -0.0833 0.1667 0.1667 0.0833 -0.0833 -0.1667 0.0833 0.5000 0.5833 0.3333 0.1667 0.5000 0.8333 0.4167 0.3333 0.7500 0.5833 0.5000 0.2500 -0.0833 0.4167 0.3333 0.0833 0.6667 0.2500 0.0000 0.1667 0.1667 0.0000 0.0000 -0.0833 0.0000 0.0833 0.3333 0.2500 0.1667 0.0833
-0.0833 0.1667 0.0833 0.0000 0.3333 -0.2500 0.2500 0.0833 0.3333 0.5000 0.3333 0.0833 0.0000 -0.0833 0.0000 0.0833 -0.0833 0.0000 0.5000 0.4167 0.1667 0.0833 0.0833 0.0000 0.0833 -0.0833 0.3333 0.0833 0.2500 0.0833 -0.0833 0.1667 0.0833 0.0000 0.0000 0.0833 0.0833 0.1667 -0.0833 0.0000 0.0000 0.0833 0.0000 0.1667 0.0000 -0.0833 0.1667 0.0833
0.1667 0.0000 0.1667 0.0833 0.2500 0.2500 -0.0833 0.0833 0.0833 0.5000 0.0833 0.0000 0.0833 0.0833 0.0000 0.0000 0.0833 0.0833 0.3333 0.3333 0.3333 -0.0833 0.3333 0.1667 0.0000 -0.0833 0.1667 0.2500 0.3333 -0.0833 0.0000 0.0000 0.0000 0.0000 0.1667 0.1667 0.0833 0.0833 0.1667 0.0000 0.0000 0.0000 0.0000 0.1667 0.0000 0.0833 -0.0833 -0.0833
0.1667 -0.0833 0.0000 0.1667 0.5833 0.3333 0.2500 0.3333 0.3333 0.5833 0.3333 0.2500 -0.0833 0.1667 0.2500 -0.0833 0.0833 -0.0833 0.5833 0.0833 0.1667 0.0833 0.3333 0.4167 0.2500 -0.1667 0.5000 0.1667 0.1667 -0.0833 0.0833 -0.1667 0.0000 -0.0833 0.0833 0.4167 0.0000 0.0833 0.0000 -0.1667 0.1667 0.0833 0.2500 0.0000 0.0833 -0.0833 0.0833 -0.0833
0.1667 0.0833 0.0000 0.1667 0.3333 -0.0833 0.0000 0.0833 0.3333 0.5833 0.0000 0.0833 0.0833 -0.0833 0.0833 0.1667 0.0000 0.0000 0.2500 0.2500 0.1667 0.3333 0.4167 0.4167 0.0833 -0.0833 0.3333 0.2500 -0.0833 0.0000 0.0000 0.0000 0.0833 0.0833 -0.0833 0.0833 0.0000 -0.1667 0.0000 0.0000 0.0000 -0.1667 -0.0833 0.0000 0.0833 0.0000 0.0833 0.0000
0.3333 0.1667 0.1667 0.2500 0.1667 0.1667 0.4167 0.0833 0.5833 0.7500 0.1667 0.3333 0.1667 0.0000 0.3333 0.0833 0.0000 0.0833 0.5833 0.0833 0.5833 0.3333 0.1667 0.1667 0.0833 0.0833 0.0000 0.0000 0.3333 0.0000 -0.1667 0.2500 0.0833 0.2500 0.0000 0.0833 0.0000 0.0000 0.0833 0.0000 0.0000 -0.0833 0.0000 0.0000 0.0000 0.0000 0.0833 0.0000
-0.1667 0.1667 0.0833 -0.0833 0.2500 0.3333 0.1667 -0.0833 0.6667 0.1667 0.1667 -0.2500 0.0000 0.0000 0.1667 -0.0833 0.1667 0.1667 0.0833 0.1667 0.3333 0.0000 0.4167 0.5833 0.0000 0.1667 0.2500 -0.1667 -0.0833 -0.0833 -0.1667 -0.3333 0.1667 -0.1667 -0.0833 -0.0833 -0.0833 -0.2500 -0.1667 0.0000 0.0000 0.0000 0.0000 0.0000 -0.0833 -0.1667 -0.1667 -0.1667
0.3333 0.0833 0.4167 0.5833 0.2500 0.2500 0.4167 0.4167 0.3333 0.5000 0.0833 0.8333 0.2500 0.0000 0.2500 0.3333 0.4167 0.5000 0.0833 0.2500 0.3333 0.1667 0.2500 0.2500 0.2500 0.5000 0.3333 0.4167 0.0000 0.1667 0.0833 -0.0833 0.2500 0.2500 0.3333 0.1667 0.2500 0.0000 0.4167 -0.2500 0.2500 0.0833 -0.1667 -0.1667 0.0833 0.1667 0.1667 0.0000
0.4167 0.0000 -0.0833 -0.0833 0.5833 0.2500 0.5000 0.1667 0.1667 0.3333 0.1667 0.0833 -0.0833 0.0833 0.2500 0.0000 0.0833 0.1667 0.4167 0.1667 0.5833 0.4167 -0.0833 0.0000 0.0833 -0.0833 0.0833 0.0833 0.4167 0.3333 -0.0833 0.3333 -0.1667 0.0833 0.0833 0.1667 -0.0833 -0.1667 0.1667 0.5833 -0.0833 0.4167 0.0833 0.4167 0.2500 0.0000 -0.1667 0.0000
0.1667 0.0833 0.2500 0.6667 0.3333 0.6667 0.0833 0.2500 0.2500 0.5833 0.5833 0.3333 -0.0833 0.0833 0.1667 0.3333 0.1667 -0.0833 0.2500 0.5833 0.6667 0.5833 0.1667 0.6667 0.1667 0.2500 0.4167 0.2500 0.4167 0.4167 0.0833 0.1667 0.4167 0.1667 0.4167 0.0000 -0.0833 0.0000 0.1667 0.0000 0.2500 0.1667 0.0833 -0.0833 0.0000 0.2500 -0.0833 0.0833
